10006033
3499
9362
9794
9092
4247
4799
4347
8437
1950
3644
7336
8324
1634
2017
9850
9428
6581
3876
2002
6779
6427
9446
2098
6392
7077
6822
2665
4601
2701
3247
1557
9006
9950
1908
3287
9276
3207
4275
6108
1066
8829
1090
1951
5720
1629
3655
8149
1467
6351
1331
7559
4681
1267
6119
4079
4630
8227
3822
3937
5582
3802
9186
9604
8051
7879
8185
8301
3829
1521
1656
6084
8457
2951
8134
7091
9849
3894
2901
7080
3671
3524
8176
7287
8816
4278
6133
8834
9505
3198
4374
1813
1845
4953
5863
6537
1785
3260
8636
4519
9039
5062
7969
4627
6201
6254
3118
7414
3147
5603
2519
5142
2659
9706
8866
3865
2889
9811
2694
1420
7667
7598
6055
5101
1503
7276
3178
1539
8479
5207
2348
4967
8959
8555
4493
4205
3976
2421
3946
9100
4218
2986
4199
3360
9683
7596
3420
3674
7619
9380
3017
5554
4802
3376
3783
2883
9434
1230
7400
1193
7501
7532
3358
8429
7416
2094
1647
8536
9353
1779
1374
1648
3537
3801
6544
3620
4505
1967
4644
8239
1934
6565
2108
7078
2560
5562
7462
3791
2754
8170
2202
3696
2995
4374
6756
6637
5184
9054
4982
6667
8357
9692
5965
9859
3602
4067
5757
8524
6171
7054
5498
5324
4782
5869
6984
2335
5820
1979
7691
1675
5572
3688
3159
9598
8063
8569
4753
2772
7068
5587
2273
3401
9520
9134
3830
1012
1634
8831
6202
7869
1174
2633
7793
5136
5898
9905
6942
3796
2589
5323
2441
1246
4403
3008
5773
4052
7163
2027
1513
8657
9022
9777
3496
4488
5442
4627
5046
6867
7645
9950
9889
8222
1198
8964
4845
6210
7123
8397
8142
7967
3565
9747
5850
2842
2972
2414
2810
4957
4326
7262
6313
3094
9194
3766
4037
1240
3944
5040
5633
2113
5087
6924
9547
2089
4666
3127
4704
7109
9468
2895
3020
5144
9403
2913
8497
2958
5292
7438
5949
4716
8694
1378
5400
7543
2201
1615
7560
3266
9784
3272
1751
7520
9002
9210
8601
5657
6108
5830
9999
1413
9253
6719
4137
7467
1496
3197
6861
2526
9826
1127
2116
5718
7661
3911
5872
7103
8629
9556
6488
5486
9428
9655
1813
2507
5258
5587
6108
8420
1229
4052
4497
2578
8066
4790
5729
5416
6088
8196
1388
2270
7521
8391
4171
8409
2511
4479
2891
5612
4000
3530
4994
5782
3674
3929
9298
2971
2292
4481
7810
4402
6845
9963
2067
2071
9144
8708
4699
3209
5142
4443
5121
5975
6538
8093
4956
7046
1116
3238
3731
4540
1593
2267
1605
6339
3500
4518
6244
6583
1721
7538
5878
4508
2794
7074
8730
9452
3951
3567
6397
7250
9979
7505
2456
2134
5860
5198
5236
3202
7996
8672
8952
9948
8745
7134
5568
2950
9606
4744
6778
2736
9742
2871
3797
4195
6585
6165
8817
2321
6245
7228
1751
4744
3901
7512
8872
3373
6884
5190
1689
6226
7405
3152
4385
4453
7330
6623
2059
5245
4986
8090
4449
2429
2972
8474
8419
2690
1739
8855
9995
6772
6434
9497
6717
1876
5617
3065
2381
9910
4137
9079
4782
7074
5334
9177
9444
9319
3091
6456
5769
3485
1174
3308
2491
7655
4903
4459
4535
8110
8555
8707
3763
7452
7866
2170
4939
6287
6635
4680
3338
5779
2409
9383
6092
4405
6782
8371
6357
9706
4246
5251
4534
9200
6765
9847
6219
3810
1265
7340
4496
7216
3754
9596
3164
6300
5891
8627
9776
6755
9385
2617
9417
1125
7240
6917
2472
9953
5889
2224
6673
6139
3103
1140
5573
8295
3804
9557
4271
3104
4663
4581
1422
9206
5443
5748
9117
4828
5768
1638
1005
6636
4207
8248
1074
7017
8605
4152
5768
3633
8294
9579
1810
5787
1436
6406
2004
1581
4324
5228
2091
8362
6288
9256
2101
5229
4372
4901
4666
5504
4682
8675
7316
6715
4320
5096
5424
6125
4889
8409
1806
5937
1472
6182
8467
1514
1443
6604
6700
8879
4660
3801
6945
6256
3986
7507
5442
8480
4079
7029
6255
7368
8098
5467
1821
9209
6486
5301
9892
6661
3728
2110
2981
4461
1988
4347
5229
3360
5588
9272
5755
6459
4635
9519
7077
6016
6771
8281
6779
6653
7536
7856
2372
4855
7782
8369
7162
6169
3533
4499
3224
8640
3944
6011
8034
2096
7384
7290
2440
2016
3687
7851
7869
4298
3226
5882
9357
9354
4392
8125
9461
2830
7575
9392
3172
6612
4154
9648
4773
2968
7491
8897
1398
4059
6399
8559
3385
6539
2178
8495
8965
6769
4475
1723
2702
4135
4828
8894
9009
6817
1750
9707
5026
2544
1470
2477
5939
2856
3789
6580
9866
3736
5599
3791
4361
2341
5837
7675
1315
9262
9800
1105
4524
9116
4157
2026
1281
7483
2022
4132
4693
9300
3412
5798
4358
8994
8755
6157
6810
1028
4719
4933
1078
9201
4534
9161
8102
2752
4524
8056
8105
7911
7668
2279
1824
4053
5850
4239
4253
5516
2131
7015
5439
7505
7283
1553
3623
5595
6059
2312
8426
4112
6591
6241
3617
4147
8736
4323
3503
4342
3218
6197
1965
6050
4524
6574
4401
8190
7155
7453
1861
2572
3135
6570
3916
3697
6925
2074
6781
6309
3407
2329
7163
4379
4965
2069
7025
7549
2422
9339
2198
3982
7652
7500
5489
8883
5858
5501
3737
2764
5247
5453
5789
4213
6267
4604
3011
4188
6402
9225
8874
1711
6276
6228
8040
2938
1946
7648
8832
6396
5768
7594
1014
8643
1585
8884
5349
9641
3671
6109
1476
5299
4690
7755
8306
8332
6773
6210
4915
9913
7993
3030
7865
4993
6197
1828
8364
8392
2577
6935
8957
9227
8395
3870
5128
4556
8686
8684
8419
1778
2528
4389
1174
4676
5904
9604
6887
9908
7251
3440
2551
7423
7791
3061
7276
2055
9690
1593
8177
5630
4726
9263
8175
5536
8168
2542
9576
6560
2391
3520
1753
9696
8199
4135
5396
5062
1668
6662
2756
2482
5836
4881
2009
1401
3641
4908
9398
1261
2153
7968
9964
9950
4857
3597
5671
2666
1124
8417
3630
3704
9269
7524
8942
3708
5832
5880
9356
3244
3490
4570
2301
2167
3974
2229
6237
7201
3226
4770
7577
5109
4236
9300
2983
9550
3998
1017
1344
3393
5349
9441
7938
8909
2903
7036
5873
7124
1628
4312
4267
8187
8155
5308
8154
9710
7044
5378
6863
4668
9842
8673
7661
5208
4773
1145
1373
7361
4006
9982
5916
2417
6443
5890
4496
2770
4061
6584
6149
7554
2903
6904
7425
3657
6900
4397
8365
7918
1262
9044
6330
8115
8745
6272
9880
2609
3867
2813
9036
3960
7655
1228
6846
3262
2601
2938
3679
9266
1247
1269
3117
6490
2041
3630
7338
1552
8257
3126
6140
8620
5613
6026
3107
2487
8873
9071
4770
4635
8856
9334
1549
1433
1780
2199
8006
6654
4532
2510
7172
6775
3555
4181
5218
8936
7468
8063
9047
4196
5952
6715
6042
9886
9813
6663
1487
8395
5417
5421
3449
6214
5215
5299
2008
4579
3894
5939
2138
1183
3160
5439
1408
5779
8904
5760
6270
5287
9812
4539
3457
9351
2430
4756
4385
3071
3081
8734
6537
6030
9203
4319
2036
4209
6599
1570
7330
8729
8411
6132
9590
5458
9898
3050
4359
1159
9313
8799
7816
5395
4276
7378
9032
6565
7705
5249
1090
5352
5039
8792
3236
1751
6947
6798
6819
9242
6647
7107
4136
2241
3228
2455
2899
4253
2001
9389
4127
9330
6599
5612
3107
3859
9824
6338
2825
2170
9397
3511
1229
3796
5455
3623
8252
6810
3422
9821
7695
4397
7309
6261
6828
8250
3063
2207
9599
3076
5206
9721
9469
7406
8263
8920
1436
3128
7925
5141
5119
6017
4765
8630
5874
7640
7043
2449
9781
7040
7185
5544
6855
8704
5885
4550
7892
7617
7008
6933
2625
6352
4423
9348
5718
1958
4308
8926
3726
2038
1883
3710
2326
2668
6246
4749
6188
3065
4076
4940
2067
6789
3409
2112
2783
3196
1267
5536
7797
5758
2508
3586
9471
4820
6017
9557
6495
1990
4246
9400
7043
2322
8188
9358
6714
8133
2162
6729
9234
9074
8700
6250
9411
1910
7499
2155
3141
6403
3117
2186
6285
9379
3300
2761
3580
3957
9154
1420
3268
8263
2800
3661
3533
1412
7288
6954
1990
8013
2170
1840
2537
3804
4869
2205
9759
9031
1966
8899
6162
7681
3059
9199
3024
6173
2363
3335
3112
1700
8179
6669
9650
7249
7195
6766
5956
4311
6074
8949
8700
9516
9176
5950
5631
7318
8924
5497
7384
3325
1418
9181
8978
5971
3275
8332
7730
4744
2452
8869
5806
7833
2521
5724
8797
6738
4331
1609
5157
6095
4736
8905
6414
3651
5665
7570
9804
1948
6696
8488
2229
6548
5877
4113
9954
6777
4746
2856
5669
1743
1257
6999
2917
2792
8920
3718
4619
8677
2766
1199
5461
3286
4229
8434
8454
8051
6977
9413
3460
5753
8095
9994
2366
9477
1974
8423
1622
8251
4293
1512
9182
1752
5549
4460
5133
1555
6290
7612
4052
4880
4260
9500
8171
8791
6319
8289
4085
4076
8377
2754
6066
7260
9254
3537
4291
8123
8137
7087
9435
1762
8067
9844
2215
5753
6690
5259
3982
4810
8900
9035
4206
8511
1238
1090
8189
4997
7616
7850
9899
2218
9872
8497
9661
7057
2769
2869
9937
4075
4237
9994
2637
6159
7386
5125
9487
7236
4361
7111
4767
7384
1981
5333
8269
4182
3777
7228
7937
1661
3614
9930
4336
3676
2243
7934
1088
7556
4155
6309
3158
8610
2776
1614
2983
6547
3746
8451
6708
6884
9621
5061
5506
6723
9341
4054
4899
4480
8375
5563
8129
7072
5078
8911
9525
5917
6458
7106
3874
6552
9642
1908
1616
7017
3698
2005
1767
3287
9564
9654
1536
9095
8833
1041
4597
6844
7720
2138
1033
7068
1541
3075
4183
6504
2046
7712
6072
4085
3281
1687
5671
3550
7436
3399
3263
5581
8725
3439
9794
3640
6575
6112
1563
7579
4781
8537
5906
1995
4227
8254
3994
7596
2869
2293
1903
8040
4399
4142
3385
7457
8022
8116
6402
2296
1657
5801
1238
1469
5127
4698
8681
3977
1000
6329
5234
1995
9963
2180
7174
4041
1983
5317
1247
1147
6906
6215
2073
1760
8957
4702
1153
5169
1607
8914
8090
1591
4648
5573
3381
9060
4369
4300
7388
1760
7661
5244
8543
4752
2586
7389
5242
7269
1255
6411
5993
1780
9373
2921
3743
7541
7965
8159
1879
3229
2068
4799
7849
3374
7009
5981
7767
8224
4798
6760
9360
3245
9161
8822
5169
3031
4290
9330
9766
6600
5154
9578
8113
7862
2600
2279
8823
2267
3419
4408
5452
6919
1332
7207
2428
6534
8632
1603
4069
8217
9816
1189
5175
4346
7288
6581
1099
3308
9408
3321
2627
7027
2956
5629
5524
6069
9362
4033
9854
1685
4308
8588
8395
4809
8654
8600
8813
6281
8962
4957
4144
1624
2101
9849
6877
4592
1603
5444
6561
6467
2392
2812
4766
3023
1056
4936
1483
1649
2979
1632
4083
2859
9088
7753
7065
7374
5638
2713
3640
9756
1714
2043
7570
5932
1002
9581
4811
2614
3047
7616
7116
7498
7617
7761
6757
6183
1092
1476
9193
7420
7466
9974
5365
6378
7254
5469
4526
8679
9409
3416
2489
5744
4167
4506
9973
9393
1523
2175
5137
5699
1864
8664
8273
1534
6674
3652
6771
3498
3915
8676
7672
7847
7149
6219
6153
1593
4168
3565
1160
4331
6261
5277
4442
6611
8764
7674
8134
9995
2856
7517
6453
5369
6600
3495
9817
2343
4927
8483
4805
2188
8044
4843
9359
9407
4146
6461
9032
5707
6645
7688
6150
2324
4672
1077
6912
3681
8515
3416
2506
7716
7522
5521
6733
2216
4888
4187
1360
8696
9983
1797
5910
7259
7359
3112
7982
9804
4893
7405
5347
3696
4748
7783
3376
3919
1941
5108
4476
2517
3479
5435
8116
8116
5776
2969
7194
2572
2941
4563
3246
9191
5062
7027
4108
8737
7969
3606
2218
5701
1802
1079
8047
9315
1359
6996
5526
4562
2356
8008
3401
1251
5287
7270
2044
4978
7478
4196
1522
5447
6291
6277
4787
9697
1647
6842
5504
1686
5599
9096
9461
3954
9724
5953
2462
6554
2338
2813
4377
8076
2230
3596
8507
5956
6918
6138
2211
1388
3063
8680
7139
2172
7241
3506
6467
4324
7854
4669
8178
6828
2410
3551
6019
3094
9976
5043
2039
4199
2094
1627
2924
1109
5610
8627
4533
3050
8716
8048
2242
4081
2511
3636
5088
7347
6409
9821
2347
8760
7801
8955
1213
1736
8832
2815
7031
9072
7037
6337
6903
2744
7244
8758
3131
6339
4318
6696
9271
6424
3590
2354
4092
2910
5274
7088
7254
2242
5296
1582
4119
8389
8307
9046
8844
8473
8131
1925
9791
9419
6398
4637
8293
6476
2289
2121
1497
4806
9930
5553
4190
4121
1013
1784
5887
4108
2275
5727
8920
9350
3676
4797
7448
3924
5483
7977
8689
5645
9569
4592
7568
1119
4610
9105
9451
4635
2947
3530
4762
4849
7258
3602
1366
1672
7732
7053
2051
7420
6613
8973
6377
6413
1692
3182
4947
8514
4786
8346
7973
2187
1517
2829
5273
5016
7235
9669
8676
8037
9525
8243
2569
3098
9384
9726
5488
4323
3385
8338
6451
9916
4137
2007
5558
3472
5302
6818
9436
8401
9924
5510
2914
5951
1489
3401
6101
7877
5342
1234
4750
3151
7783
9308
5540
2375
6705
2906
2430
7467
2285
6986
1229
7367
6513
6542
9473
3474
2682
2773
7673
3659
4375
8683
3570
1177
5485
1839
7960
6967
2858
3548
7833
9408
2171
3509
5854
3577
9285
2418
5893
1557
5164
5774
3652
9029
5187
2952
3465
2722
3683
6343
5215
7378
9105
3535
8991
5623
5509
7059
5098
2191
3030
6688
9991
4724
7127
3522
7788
9637
5594
5775
6816
1559
9579
8151
2286
8372
7900
4835
4482
3149
6260
5938
4831
3663
7247
9971
4438
5031
8362
6899
3569
8449
8718
8004
3469
4531
8275
2168
6157
3619
1590
7438
7114
2546
8661
9202
6737
7654
7286
2130
2688
1116
4734
3447
6232
6061
8380
8559
9714
2981
8424
1996
9036
5913
6341
8272
1032
3447
1262
1450
6642
1689
3151
4575
4254
3071
5192
7951
7631
9267
6079
4004
6165
1786
8043
2488
1413
4466
7881
2460
7074
7638
1028
6486
6119
2866
2955
8168
7684
8501
6062
2906
6031
2926
1404
4288
2649
9219
8715
8028
1909
3000
7128
9295
7468
7347
7338
8833
7762
5503
3068
9832
8787
4856
5823
6476
4917
7308
9653
6119
4145
1835
2158
8523
9767
2330
3399
8819
3196
5803
8199
7044
4434
5174
6397
1984
7936
1678
1361
6007
3952
4012
8064
8625
9678
4295
6003
2837
8780
7529
5783
5592
1850
7083
4839
9676
7814
5374
9889
2392
8839
8776
5125
3419
1726
9614
9372
6247
7548
7607
5638
9942
6586
9580
4164
9398
3865
1999
1133
3246
3495
7136
4738
8566
6371
7158
4896
7831
2186
1747
4507
6145
4761
8324
3220
3729
9800
9505
1158
5571
5203
7538
6482
6956
2583
7633
4518
1480
5769
6802
7389
3925
8288
3073
1054
9245
3285
5251
4462
6092
5854
1867
2971
9472
1932
6633
7057
3483
6860
6838
9686
7534
4360
2373
5370
1916
5962
6956
1798
6447
6199
4594
8736
8620
4039
8064
6747
2254
7598
7319
7661
4025
3031
6180
1042
7624
1958
6296
6879
4259
6668
4126
7699
5155
9317
5276
2736
4770
5006
1133
7251
6514
7706
7008
4521
8984
6342
9856
7020
2251
2658
1191
8331
5612
1983
1356
9388
9884
8656
1048
1769
3936
4432
7670
7939
4317
9642
8731
3617
5223
3755
1825
7040
9602
9826
5878
2660
9820
3880
8446
4615
3878
6834
6530
4487
6061
1258
6809
4966
5906
4821
6774
6305
5736
2953
9105
7840
5513
1415
3706
2841
1690
3736
9352
7738
1855
5254
1685
7670
3244
5660
8253
4275
5543
3501
6603
5139
9258
7369
5985
3322
2450
2674
3063
3768
9435
9943
1666
5962
3714
6565
2964
8352
9371
6693
9268
6803
2216
1987
3126
7825
2983
8730
9950
9069
6507
5037
2196
4210
5390
8627
7414
7114
8369
3041
2036
5746
3786
3997
4573
2810
4137
2088
9298
1120
6338
9892
8118
5311
9229
1641
3988
9949
3662
1401
6611
9532
4185
7098
5722
9603
4503
9181
2791
8742
9672
4257
8902
5587
6512
5588
3063
9034
8424
1911
1686
8028
5055
7518
8990
1491
1728
6232
9022
9279
3372
1085
9671
3454
3114
8772
9587
6745
6481
3284
6857
6493
2179
4095
8969
5660
2174
6148
4574
3748
5360
2196
5452
9495
8445
4793
3626
8333
3117
4161
8126
7747
6307
9866
4108
2562
8794
2419
8572
3301
7766
5512
8965
7741
8393
3906
5578
7729
8864
6441
9318
4515
5808
2209
1952
9508
7207
7419
3720
8000
4103
3283
8948
6415
8249
4253
8219
1931
1207
2352
6585
7327
9085
4609
6483
8588
2349
3482
4942
2870
4743
6175
1195
2608
2057
6109
4847
3511
2498
8222
9748
2789
7824
4441
5152
7352
2450
6999
2217
8703
1733
2237
2527
5584
9659
9275
3925
6302
4225
3111
8796
7025
2685
3093
9425
7371
6643
3180
3046
4978
8342
3760
3690
8956
6498
6293
4208
6299
1773
4714
2087
4992
2907
8757
8175
1204
7419
8348
4350
8658
9583
3351
5492
3080
9557
5812
6897
6990
8603
2489
9733
2461
3895
6481
7951
3629
2211
3049
3027
6727
3383
7838
2237
4736
5205
7148
2054
9582
4396
5559
8963
2830
6763
6176
7237
8691
3839
7900
5956
6765
9634
8179
4901
7690
5742
5422
7843
8326
4794
9022
5170
5204
8475
2443
1316
2782
8976
1010
2742
2362
2658
6398
1262
6779
7618
8887
4309
3132
2463
3096
2156
8387
4073
9861
5616
5169
8890
7603
5313
6094
5975
9757
2430
3761
2252
4306
9397
5054
2746
4798
3673
2329
6658
5214
1818
3268
6291
8912
8353
5741
1672
5130
7625
3139
2661
7052
1606
1067
7832
6260
1578
4534
8150
5442
8890
7817
3411
2230
7779
7638
1861
7656
4317
5245
6382
1565
4477
4253
3598
9785
4694
6061
2363
1792
1365
6191
5952
4606
7697
3242
8378
6711
8413
2230
3424
3521
4090
5427
5296
3400
9696
1181
2398
5635
8594
4069
5846
6646
1430
1632
5771
1123
4649
4038
6367
5572
6317
2626
6552
5909
7096
4294
8176
9392
6599
2116
1453
3291
6286
4326
7736
4713
5245
9676
4810
8656
9051
6376
4167
3247
4868
5778
8593
3167
3764
9509
6037
6921
8262
1427
7593
9169
5821
4273
2181
2733
4110
2094
8416
4017
8955
7374
9768
8399
9001
7735
6779
1800
4593
7896
1739
5167
8316
8972
8755
4779
6467
5528
2073
2959
4061
4177
1308
3933
2184
5281
1141
9088
5400
9436
7666
4208
9530
5059
4891
5432
4805
6881
6785
6533
3482
8629
6220
2566
9440
7517
8638
9166
7697
1697
9274
9448
1827
8613
3046
2615
7717
4008
3131
3980
5473
2449
4335
7582
8631
7879
6158
8114
2018
6239
6504
5161
8784
7708
9779
4976
4938
9938
2435
4102
6986
6601
2598
5543
3487
3841
4872
2534
4570
7225
9304
8622
9678
5103
6725
8476
1639
5696
4357
8819
5731
6870
4434
2098
7357
9193
4204
8112
5984
8438
6699
5079
7868
2138
7282
3294
3653
6285
6736
9371
9194
8570
8303
5470
9857
4545
9235
5108
7264
7424
2862
2221
7729
9402
6619
2880
6315
1827
5878
3596
4961
6063
4246
1828
4585
1456
1242
2910
9792
3298
4593
3957
4904
9679
8330
4853
5860
2261
3515
9597
9981
5837
3774
7750
9598
7381
3662
7271
7231
1372
2960
6519
8789
7661
3219
6491
4004
7117
8473
2056
7471
1738
8671
1383
1642
7060
4321
4593
9045
1938
1763
5564
4451
3799
2330
5735
5807
3630
3169
7477
8881
2012
2458
1688
5886
9946
6148
6788
6000
7433
7062
7750
7384
2139
7967
6623
5932
4550
4765
7587
3489
1011
8172
9215
3952
1227
9948
4875
3584
8040
4497
3983
1623
8842
2335
6128
6205
4712
1601
1359
5622
8094
4681
5213
1964
7064
1041
1786
5788
4828
1235
2883
9800
4667
4988
7907
6654
6161
1750
7614
8384
6440
4380
3929
7802
4421
2358
6153
9953
9242
2347
1376
5564
9415
9303
9320
4867
4952
4810
8521
7295
5930
6612
9033
5984
9437
2858
1963
6315
1384
1906
9248
4370
5953
9896
7844
1633
5545
5707
2479
1508
2795
7698
9984
5254
3009
1630
5919
4660
1150
7908
4536
1616
8835
7611
1037
3980
4308
8143
9879
3866
1112
5343
3177
9537
8167
5429
5433
8473
5379
5973
6145
9076
8984
1185
4138
9351
9808
5088
4407
4616
4543
5968
8308
7574
9322
7747
9578
4597
4728
8609
9223
8105
6699
9798
8620
3017
3696
9823
3335
2724
1071
2627
4104
2238
7920
1695
1536
2683
8441
2840
4537
9485
2994
4203
7671
6526
9471
3402
6577
1853
6931
9723
4229
7173
1705
1896
4872
7356
1365
4267
9703
6589
9974
4905
9612
6214
4474
4856
3149
4040
8647
1664
2169
4756
5044
7935
9238
6162
7072
1076
9813
9843
9760
1350
5119
7632
2911
6955
1137
6418
8839
5848
5989
6160
3530
5654
8202
9478
3612
6638
9598
1004
8272
2413
3620
1202
2891
2254
6860
6013
8291
8852
2629
9432
5321
4984
6872
5179
8197
9400
9458
6539
3657
9243
8138
1729
6205
7027
1389
9399
2125
8602
8099
3698
9321
2017
6734
9441
1997
7165
7103
2331
7190
8532
2466
3468
4521
3574
9779
9850
6896
3894
6887
2559
1476
8749
4487
3844
4694
7519
8431
9626
5428
6959
9493
5134
9363
4932
7233
8004
6351
4201
2878
6186
5387
1819
3666
6040
4935
3705
4823
9202
6588
3779
6888
5928
3561
9586
3651
2142
6094
5799
6067
8040
6190
1454
2719
8975
9604
6967
6290
1014
3695
8158
1757
3020
4272
8011
9014
1765
3551
1829
2686
3538
5624
7756
5676
1291
5626
9190
4309
1250
3869
1464
9818
8775
6699
6213
2842
8304
1749
7753
9013
4747
6609
2251
3089
8580
3778
9462
5217
8749
8639
8096
9862
9842
3616
6832
6953
9125
2500
6954
1504
8827
4353
2581
2847
3694
1368
8070
3852
1370
4944
9296
5302
5136
1800
7243
4907
5560
3458
4392
1243
5929
1113
6360
8968
8502
4991
7545
2230
3133
4016
2327
5138
8013
9603
4984
8894
2832
1787
9277
9187
7295
5926
7202
8934
1599
1600
8864
2209
9960
1753
2114
2214
1860
2951
2820
5488
2584
4478
5611
8540
9751
3163
9734
6401
7458
5918
7036
1216
7443
4911
1105
4694
5059
3857
5625
8953
5370
2956
7431
3210
3569
5804
7853
6955
9439
2302
7731
5468
2160
4277
2168
3879
9470
9818
1217
5031
1898
2715
5252
6663
1635
8777
6280
7115
3616
4105
8406
1063
9277
3052
9702
8073
5886
1139
6390
1709
1431
5670
7083
1311
8714
9229
9527
8345
8736
2364
3644
8952
8649
4610
1563
2696
6557
8153
1686
6895
1693
9860
6532
8987
7132
2146
9221
7210
4838
6726
8473
7508
2106
6441
5787
9564
8593
2302
8831
2240
2104
9039
9830
3987
4569
8968
4836
7490
7193
6976
5031
2562
5024
5606
9601
2086
2999
9044
2079
9799
9980
8965
9342
2184
4437
3885
3258
8780
5650
6769
5863
5587
8944
2911
2897
1256
7107
1568
8837
2315
4572
5628
5793
6882
2682
7873
2176
9884
8468
9576
4875
2733
8271
7234
3102
7373
9913
6560
8154
8621
3899
6232
4175
9930
6712
5345
3133
3113
6420
2011
8625
4583
5597
2304
1516
5919
4619
4124
1919
6246
7443
3271
5035
5525
8499
3194
6204
5371
1257
7805
2463
3899
4392
9341
3954
3697
3183
9697
5513
5553
5458
3310
6518
1963
1684
1544
8469
2639
9138
5013
8023
8647
1994
1314
1503
6463
4022
7096
3893
2212
7236
1616
9607
1041
7225
6892
2900
4210
1460
5323
7350
4088
9137
7977
6568
8880
4961
1737
9183
2313
5421
9307
9785
4185
3885
7795
4534
6699
7544
1211
9978
9261
6664
1964
7487
9046
1349
9863
4569
3947
2299
2165
1044
2101
3681
8003
4634
3763
9771
4100
3804
8450
9348
6122
3946
7749
9049
3538
2165
3962
5419
7056
7612
6607
8004
3421
4353
6936
8672
6597
4285
2922
3951
1034
2906
3623
2760
2655
1676
7474
8314
2695
2454
1897
9806
1178
9941
5432
1223
4290
7548
1771
5069
5875
5469
7291
3141
5586
2083
5261
9330
4239
3087
8530
7192
8648
3205
2180
5611
8598
8009
7429
5959
5083
5810
4024
9464
2983
2979
7840
4842
4076
8028
7417
3336
7078
5910
3429
4271
3175
4610
4646
4008
2810
3113
5470
2452
6994
6401
5536
3970
8407
1041
3743
7918
2452
1615
4514
8022
7624
5092
5483
7252
5437
3687
7402
6282
7719
8190
6676
6496
8676
1847
1865
5470
1923
5266
9716
1993
9759
5549
9362
5581
9441
5354
4226
6231
3707
3316
7865
2303
2145
1184
5691
8758
2151
6760
5425
3063
3494
3406
1025
2969
8803
1253
5722
4532
4158
8167
4126
9086
5240
4627
1805
1163
5085
2286
7814
8992
3672
3140
4284
7285
6915
5289
1046
6963
4106
8621
9717
6247
3053
2708
6417
9248
6444
5422
8304
8704
1651
4511
2677
9449
1675
3434
9402
4070
6580
1271
9198
4316
3941
9123
1920
9479
6785
3534
8117
7599
7931
2118
1031
3201
5179
2230
6979
6132
8471
3937
9108
9740
6334
2112
7744
9614
3134
2151
3314
8455
9373
6120
6875
9325
9049
1027
1894
2501
7683
7265
4141
9431
4740
5115
3441
2190
7777
1292
9758
1400
6382
2890
8873
6590
1222
9784
5941
4337
1947
2654
8830
5069
5524
3886
3792
7915
7269
2437
4940
8913
1024
7338
1557
6498
1128
9272
9539
7056
7151
6582
3482
4457
6564
5951
5723
1424
4270
6700
5152
8865
3790
3838
8622
9081
7019
2944
4021
7511
3840
3482
8231
9869
1291
6453
9417
5524
9214
8943
9351
3247
3449
5016
7044
7805
6295
1319
2708
1961
5342
7446
3378
7434
7175
2088
7520
9353
2404
9228
9829
6355
6674
5295
3733
3157
2048
2196
8421
3496
9088
9532
9047
1162
1464
1367
2518
8774
9482
9492
4623
9193
1540
5364
2196
8856
8847
7404
6340
1598
5788
1182
5065
3592
8467
6102
1677
6281
6383
3299
2558
5618
9558
8575
3204
7292
2128
3953
9997
3039
2728
7534
1573
4190
5845
7497
5466
9561
4501
4747
5932
9648
1442
8456
6096
3741
4104
8726
3873
4105
5878
5033
3197
1701
4006
6671
6687
2396
1828
5170
3572
7454
6543
6212
8091
5767
2111
8263
5134
3904
1382
7408
4598
4371
2902
6209
7594
2095
9401
4174
1093
8296
1162
6293
6480
5181
3570
9271
2930
5386
6553
1077
9489
5875
1031
1365
6942
8879
5295
9150
9274
7162
1537
4620
3461
5709
5439
3628
7801
9476
6283
8297
4318
9786
7514
6857
4130
1974
5477
5998
9173
7433
9162
8242
2005
8684
6932
3123
5656
7417
1079
9341
6751
1717
8239
1428
7814
2321
6653
4096
1733
2218
1827
8309
3387
9783
3759
6171
7185
9948
2274
7608
8253
8322
6217
7238
6781
5382
4304
3854
6930
5234
1841
1178
2576
1887
8797
3055
9201
3389
3198
1764
7968
9908
8488
4489
2849
3667
6048
6397
7476
2113
6334
5981
1509
7469
7298
9208
2523
7731
2949
3363
6228
1697
2500
6342
5885
7589
9037
9589
9373
4620
6553
5398
5976
2801
6935
7614
3440
3269
7819
8143
6640
6868
8930
7106
6357
2562
7630
9636
4576
1289
1445
8243
3929
5339
6513
2110
1063
5210
3116
5087
6199
1121
6149
5143
7895
8177
1003
3726
2988
3478
4151
5308
9208
8332
2629
7894
4437
4217
3723
1198
2318
7103
7784
3225
3843
1181
8822
6829
8450
8679
5989
1366
7034
7429
5821
4374
8435
6821
3430
9464
6536
9014
6565
3930
3458
3130
6564
6695
2419
9237
3910
8634
9250
9709
1913
3406
2086
1538
5622
7196
1555
2961
3976
8819
9682
7532
7326
3479
3064
9044
9513
1450
1634
8429
5845
3679
4818
8127
7967
1704
3510
8284
7515
6231
5343
5974
4005
3757
3123
5357
7777
1554
8391
2892
6215
9141
9327
6642
1340
8213
1586
2038
1072
7531
8664
5885
5095
4514
2335
5406
4429
7873
9093
3753
8845
4569
8692
5964
2633
8527
1519
8127
3920
2881
3243
2273
6000
5630
3458
7760
1785
2121
5440
9609
5074
7759
6938
7292
8957
3890
2939
6368
3213
6315
1055
5239
3902
8205
5479
4986
7897
2460
7695
3106
7584
7348
2207
5947
6652
5544
2690
4505
6598
9982
6723
6327
3198
3710
9461
4855
3473
1249
9240
6967
4858
2658
2990
3266
7631
4841
3930
6065
3569
5395
3988
3379
9739
9942
8502
3475
1176
9459
3840
7901
5414
2628
7505
3365
5179
1428
2171
8957
7935
4809
3525
8879
5137
5443
4594
8923
8232
6151
5389
4899
9031
8115
2749
2263
5740
3280
2505
7585
1740
6279
8249
9536
4001
9763
1640
2418
4016
3000
9915
2284
3518
9678
1886
5833
6322
1970
9571
2357
7524
1908
7741
8526
8423
7626
8927
4351
7134
4091
2895
4621
3760
1234
9864
1891
3072
4307
2548
1354
1968
6849
3452
2187
7765
3579
4924
9501
4687
1030
1624
9238
8258
5776
7335
7053
9569
8785
5076
1721
1351
6382
4525
8066
8254
9485
3434
4649
8355
1446
2020
9849
9489
5477
8425
5365
2501
4901
2996
7144
7913
1362
6254
5638
4629
1596
6066
1816
7807
4576
1389
4231
1684
1042
4399
5508
7541
5330
4135
3151
3096
7734
9218
7777
8507
2904
6967
5125
2608
6282
9337
4424
6775
7115
6608
4784
7514
2977
3034
5001
8727
4642
6333
7034
3332
6695
3861
6917
8415
1972
5354
3436
9408
7422
5422
2703
2678
2741
1067
8399
7216
3174
5691
3816
4449
8544
1839
3144
7403
3605
7640
3173
2444
2961
8999
7627
9224
6241
6394
9515
3288
8295
3124
8301
5320
9146
2596
4192
8989
7631
5853
5410
2628
4127
4529
8028
5593
8726
1515
3958
6075
8836
8651
3812
1454
8693
1359
4881
3657
1908
3345
2487
4097
1799
2845
4676
1768
3934
6446
1322
6524
6601
1768
8922
6827
3957
5900
9625
6955
3874
2683
2287
7665
8864
4879
1019
3989
3043
9257
2966
5852
7931
7996
3795
9208
3190
3296
7342
1519
8610
2907
1943
4940
6533
2581
3272
7503
8565
5603
1360
6042
8972
1328
2064
4864
2661
8621
8626
9452
1476
2219
8623
9289
6208
8760
7798
7709
1275
3280
1647
6974
5936
4798
9873
1081
2007
1521
8588